tasks
0

premix
1

klambda
0.6

highq
.ture.

xctype
  20

avec
        2.8571000099         0.0000000000         0.0000000000
        1.4285500050         2.4743211897         0.0000000000
        0.0000000000         0.0000000000        37.9935989380
scale
1.8897261245650618

sppath
  '../../../../../species/'

ngridk
  11 11 1 
atoms
  1                                 
  'Al.in'                           
  12
    0.00000000    0.00000000   -0.00008062    0.00000000  0.00000000  0.00000000
    0.66666996    0.66667002    0.12293112    0.00000000  0.00000000  0.00000000
    0.33332998    0.33333000    0.06180621    0.00000000  0.00000000  0.00000000
    0.00000000    0.00000000    0.18446088    0.00000000  0.00000000  0.00000000
    0.66666996    0.66667002    0.30713959    0.00000000  0.00000000  0.00000000
    0.33332998    0.33333000    0.24599767    0.00000000  0.00000000  0.00000000
    0.00000000    0.00000000    0.36873095    0.00000000  0.00000000  0.00000000
    0.66666996    0.66667002    0.49140971    0.00000000  0.00000000  0.00000000
    0.33332998    0.33333000    0.42987224    0.00000000  0.00000000  0.00000000
    0.00000000    0.00000000    0.55293944    0.00000000  0.00000000  0.00000000
    0.66666996    0.66667002    0.67595098    0.00000000  0.00000000  0.00000000
    0.33332998    0.33333000    0.61406370    0.00000000  0.00000000  0.00000000
