tasks
0

premix
1

highq
.ture.

xctype
20

avec
3.8677740097 0.0 0.0
1.9335379798 3.349792034 0.0
0.0 0.0 47.9131584167
scale
1.8897261245650618

sppath
  '../species/'

ngridk
11 11 1
atoms
1
  'Si.in'
24
0.0 0.0 0.074183345
0.666668177 0.666668177 0.008244484
0.333334088 0.333334088 0.140126005
0.0 0.0 0.123637028
0.666668177 0.666668177 0.057696272
0.333331615 0.333331585 0.189577773
0.0 0.0 0.272005618
0.666668177 0.666668177 0.206066757
0.333334088 0.333334088 0.337948292
0.0 0.0 0.321459293
0.666668177 0.666668177 0.255518526
0.333331615 0.333331585 0.387400061
0.0555555555556 0.0555555555556 0.469827861
0.722223732556 0.722223732556 0.40388903
0.388889643556 0.388889643556 0.535770535
0.0555555555556 0.0555555555556 0.519281566
0.722223732556 0.722223732556 0.453340799
0.388887170556 0.388887140556 0.585222304
0.0555555555556 0.0555555555556 0.667650163
0.722223732556 0.722223732556 0.601711273
0.388889643556 0.388889643556 0.733592749
0.0555555555556 0.0555555555556 0.717103779
0.722223732556 0.722223732556 0.651163101
0.388887170556 0.388887140556 0.783044577
