tasks
0

premix
1

highq
.ture.

xctype
20

avec
        2.5657999516         0.0000000000         0.0000000000
        1.2828999758         2.2220479391         0.0000000000
        0.0000000000         0.0000000000        35.1399993896

scale
1.8897261245650618

sppath
  '../species/'

ngridk
11 11 1
atoms
1
  'Cu.in'
  12
    0.00000000    0.00000000   -0.00007194    0.00000000  0.00000000  0.00000000
    0.66667002    0.66667002    0.11928285    0.00000000  0.00000000  0.00000000
    0.33333004    0.33333000    0.05944177    0.00000000  0.00000000  0.00000000
    0.00000000    0.00000000    0.17905061    0.00000000  0.00000000  0.00000000
    0.66667002    0.66667002    0.29834294    0.00000000  0.00000000  0.00000000
    0.33333004    0.33333000    0.23882955    0.00000000  0.00000000  0.00000000
    0.00000000    0.00000000    0.35804585    0.00000000  0.00000000  0.00000000
    0.66667002    0.66667002    0.47733835    0.00000000  0.00000000  0.00000000
    0.33333004    0.33333000    0.41755923    0.00000000  0.00000000  0.00000000
    0.00000000    0.00000000    0.53710618    0.00000000  0.00000000  0.00000000
    0.66667002    0.66667002    0.65645775    0.00000000  0.00000000  0.00000000
    0.33333004    0.33333000    0.59694668    0.00000000  0.00000000  0.00000000

